# Created by Octave 3.2.3, Sun Oct 08 00:27:21 2017 BST <laurence@laurence-thinkpad>
# name: station1
# type: matrix
# rows: 1
# columns: 3
 51 -1 100
# name: station2
# type: matrix
# rows: 1
# columns: 3
 52 1 150
# name: station3
# type: matrix
# rows: 1
# columns: 3
 53 1.5 50
# name: balloon
# type: matrix
# rows: 1
# columns: 3
 52.1 -0.6 38700
# name: carrier
# type: scalar
867840000
